634
667
918
368
333
596
649
284
984
778
211
507
760
114
838
613
453
352
191
524
121
37
596
722
507
406
873
378
805
30
4
594
304
223
517
807
215
46
604
567
932
96
590
760
502
479
519
585
287
933
701
691
371
976
337
800
544
937
877
851
635
901
423
623
399
654
444
921
779
282
530
758
279
315
676
723
776
409
59
964
144
732
318
862
779
998
213
918
208
347
803
727
504
220
318
413
974
763
196
197
865
263
831
827
992
684
67
492
51
188
686
539
591
506
506
610
910
453
510
745
324
661
822
634
995
206
777
781
606
812
60
558
735
379
167
463
505
815
276
726
567
963
761
964
87
201
61
62
641
849
316
556
367
254
223
447
304
283
286
587
271
453
401
679
820
985
427
402
899
374
882
139
31
1000
1000
604
549
229
174
318
631
619
375
97
967
685
845
192
235
39
906
259
11
877
756
931
53
245
72
388
944
462
623
185
657
985
458
376
713
69
266
202
931
717
527
950
95
433
861
321
380
960
38
958
18
699
831
643
923
323
949
671
730
943
317
969
736
61
561
855
1000
424
234
865
218
264
447
534
676
891
122
350
459
375
357
532
980
654
499
219
128
839
444
583
292
93
998
233
844
989
50
879
392
757
380
144
548
773
339
290
515
589
802
21
535
67
2
46
546
891
854
470
540
516
636
310
362
35
633
860
875
747
126
810
743
553
768
833
822
538
27
641
389
441
318
190
752
832
477
112
851
650
680
86
957
821
792
737
351
938
316
973
813
974
994
505
347
366
582
979
922
311
719
296
692
366
373
440
786
404
315
317
729
673
516
501
530
218
560
64
21
220
873
599
41
804
30
497
387
288
617
959
568
459
458
246
984
583
807
819
421
817
23
494
198
743
610
876
721
91
355
729
544
290
962
461
876
817
120
285
221
904
8
563
505
500
769
353
811
388
819
160
141
862
552
573
640
42
707
716
920
176
942
433
691
353
348
433
405
424
366
719
703
764
279
762
420
969
871
60
285
786
566
718
685
961
439
574
840
725
994
802
961
625
146
493
423
620
839
859
743
946
258
406
293
665
865
113
205
472
204
34
987
102
373
105
48
740
703
118
247
785
365
344
146
926
779
308
498
492
292
810
664
397
519
320
328
712
86
566
768
505
821
770
287
410
508
332
631
316
330
686
17
790
781
88
616
540
610
373
395
921
175
820
343
386
274
809
776
589
100
173
938
695
3
200
40
472
70
345
64
846
308
470
109
33
480
153
843
77
12
243
58
855
282
476
127
360
423
696
315
115
858
615
273
502
894
452
4
173
569
794
810
182
140
842
352
68
825
304
441
399
513
496
914
548
14
803
354
152
201
10
187
924
925
1000
42
165
987
998
849
1000
909
529
687
547
117
812
715
243
486
754
727
761
192
319
863
342
760
702
585
76
3
89
46
267
730
98
860
837
841
616
817
414
611
370
865
655
379
284
937
972
595
366
388
409
226
555
802
942
548
488
95
803
444
435
763
293
11
747
370
57
378
13
430
973
305
585
362
52
339
161
297
417
757
219
759
127
975
2
275
341
855
45
497
642
1
604
474
969
772
234
51
43
561
762
181
800
817
104
994
424
596
696
913
716
194
301
133
857
26
333
578
110
173
853
960
210
484
119
65
706
897
136
930
754
253
230
401
170
221
274
533
509
150
474
595
363
918
171
876
222
59
872
934
37
49
890
667
396
671
190
480
114
751
23
875
236
641
744
367
402
682
913
511
628
781
550
389
850
89
51
951
44
179
297
657
824
549
370
745
747
380
372
849
452
70
107
945
504
353
157
694
311
680
288
43
927
111
13
144
546
498
193
950
230
577
264
990
950
107
282
946
934
897
376
815
405
42
478
900
881
687
916
199
933
135
71
740
864
91
156
846
461
915
211
50
361
261
726
593
593
981
541
829
393
624
505
464
532
691
623
884
713
307
5
77
928
106
279
342
157
921
243
712
89
146
164
74
246
918
615
65
408
572
509
585
981
162
998
468
123
436
171
535
823
34
120
987
97
169
799
650
286
629
177
252
248
101
439
975
44
269
497
773
755
970
375
729
763
159
722
116
83
742
104
738
994
876
855
790
847
619
511
563
942
528
904
142
752
17
93
366
349
520
228
798
265
923
448
661
93
766
175
373
344
727
392
31
134
382
234
214
146
283
107
860
240
965
53
564
106
411
592
261
789
597
611
634
501
405
418
3
995
653
528
182
929
152
1000
189
443
252
969
127
653
167
327
70
500
661
107
350
385
984
357
518
505
877
360
697
82
80
564
727
78
879
539
232
92
787
672
949
908
996
772
855
538
294
345
594
520
585
429
934
211
166
125
299
475
390
981
371
251
546
739
667
376
12
816
656
745
142
300
407
893
123
511
452
498
667
695
468
514
612
189
949
421
910
226
486
331
668
272
417
200
573
303
11
124
437
605
660
545
864
925
469
963
356
858
18
522
493
126
496
860
902
781
495
58
564
251
289
947
887
486
916
989
37
212
196
825
155
243
209
329
516
373
221
15
502
756
169
60
646
358
581
539
697
226
599
966
621
532
766
143
974
969
939
125
721
634
689
690
332
1000
139
427
736
996
203
244
853
430
307
727
354
251
311
286
588
492
77
247
362
957
586
905
922
457
452
159
853
594
87
909
303
959
650
57
773
645
759
316
664
436
285
523
704
2
853
131
957
622
486
5
71
836
841
155
841
460
775
746
800
800
851
696
205
589
432
613
845
385
792
32
791
478
974
394
105
770
388
46
866
562
936
408
290
242
220
820
154
834
809
372
42
380
323
353
208
780
186
631
116
359
356
326
100
241
608
313
957
73
210
124
762
229
859
974
79
338
901
3
806
576
347
248
693
702
402
467
646
706
965
284
399
947
431
6
120
18
58
192
506
748
944
118
370
98
442
367
498
35
2
415
795
335
586
71
815
397
604
726
10
937
586
726
693
981
209
630
423
227
262
753
978
275
129
566
723
559
749
37
548
879
580
900
689
299
47
38
556
481
310
751
623
779
109
744
446
378
546
621
852
915
931
206
719
609
442
54
659
829
261
682
350
165
266
985
234
965
109
582
633
366
502
535
584
292
571
979
155
862
415
339
511
812
783
40
713
914
573
615
309
658
520
812
195
745
651
992
994
58
430
96
186
156
759
573
13
568
311
894
887
883
14
710
211
638
438
753
947
854
33
534
783
828
900
459
107
137
127
666
133
477
178
925
818
732
228
708
814
757
609
819
855
537
501
43
130
698
248
980
719
696
423
555
163
39
295
901
581
379
688
76
998
875
285
47
94
987
115
85
529
528
291
991
355
977
621
556
704
427
17
681
378
406
966
326
826
698
435
940
609
592
218
278
563
754
881
851
712
347
302
271
372
871
448
952
236
437
775
508
766
980
656
815
136
366
350
865
995
482
643
37
368
316
111
47
486
274
344
162
341
348
999
398
311
583
294
405
874
589
630
374
378
454
157
491
273
8
185
75
515
673
586
370
359
386
581
339
512
787
431
207
924
261
551
405
511
710
316
224
160
730
471
460
561
325
11
221
90
773
910
561
598
392
282
182
848
355
553
186
303
618
196
599
899
219
250
392
69
165
88
374
571
981
648
492
828
314
307
70
650
226
252
960
30
771
507
785
388
858
709
364
167
180
261
309
587
240
556
175
33
63
576
556
244
234
916
429
151
456
591
536
249
673
153
244
191
510
377
779
52
472
463
203
849
74
173
351
614
153
797
780
578
483
723
263
702
35
635
538
909
165
79
197
905
288
183
334
908
356
374
54
965
817
249
134
881
903
353
836
982
341
748
102
597
994
806
463
918
105
368
322
156
886
304
186
864
67
259
77
491
803
924
965
674
497
237
644
864
515
315
154
34
954
597
227
642
798
214
808
21
945
69
439
831
104
313
121
987
972
204
509
909
945
63
610
383
112
603
585
703
477
177
541
430
437
32
780
18
741
860
808
630
154
774
4
126
866
356
712
995
958
852
944
38
375
553
130
771
730
778
330
52
205
338
419
76
203
180
820
661
965
257
340
589
93
169
461
662
749
204
89
96
15
493
861
341
950
554
655
441
963
385
261
436
822
102
590
895
392
304
32
219
533
383
623
86
265
433
284
417
200
930
373
264
792
50
652
661
448
269
708
402
7
379
346
931
11
951
335
310
458
127
185
552
879
360
311
100
574
287
91
232
239
290
915
83
196
102
861
379
424
380
795
287
391
745
706
419
107
335
738
656
11
784
611
858
197
919
675
980
963
823
742
224
939
16
251
366
907
75
314
877
304
887
718
808
185
416
145
152
578
930
658
312
323
124
240
846
626
417
625
497
622
588
264
699
268
706
328
745
759
713
782
336
933
936
884
476
130
589
465
723
891
664
89
411
311
409
806
619
497
426
798
305
189
168
634
728
86
806
422
264
440
389
79
583
501
50
646
163
52
702
634
355
671
185
937
11
684
375
282
121
461
380
725
228
316
581
453
728
187
16
618
722
148
148
343
679
255
307
854
145
446
818
150
377
47
833
901
339
235
123
157
153
484
136
926
903
836
687
118
364
709
733
467
902
619
201
27
671
767
432
167
861
619
943
802
348
615
111
816
826
566
827
706
134
646
947
341
256
60
131
728
928
741
497
949
307
827
850
160
281
806
278
875
425
154
234
876
28
761
877
962
317
907
136
605
995
111
845
783
87
214
604
482
865
858
207
81
511
342
573
714
840
845
929
481
270
673
184
584
416
107
250
40
56
697
867
463
839
704
522
168
621
307
640
421
609
436
493
255
315
343
959
144
932
595
323
994
964
309
290
580
82
556
179
188
66
400
793
484
518
52
869
613
336
608
252
333
430
60
111
619
466
443
97
599
192
652
219
829
289
166
622
247
48
267
410
407
724
805
657
918
415
177
294
819
828
451
980
440
221
678
32
952
156
22
311
979
765
645
40
321
650
919
306
222
696
586
76
830
547
822
913
388
692
45
341
741
789
152
556
360
249
558
905
805
888
359
440
765
718
109
882
554
82
344
219
661
964
688
770
197
775
614
570
789
300
217
984
267
685
950
709
205
358
92
655
557
506
640
231
726
893
807
667
686
481
335
435
133
793
99
19
763
949
15
685
377
569
826
172
50
218
919
761
695
327
188
52
684
550
96
78
712
895
455
866
61
790
977
865
241
502
548
906
351
30
110
650
242
354
590
435
405
794
432
411
187
976
242
741
430
731
403
269
739
185
725
653
959
62
263
523
399
801
801
539
310
28
130
558
560
858
905
263
894
381
998
650
806
114
475
776
714
193
223
533
570
395
11
918
70
752
622
691
703
181
755
51
527
931
857
615
339
252
965
202
327
746
628
851
977
469
637
113
604
660
744
190
103
267
14
731
923
974
406
88
733
382
653
63
752
296
3
384
131
45
762
483
783
960
692
51
61
536
841
532
488
375
773
722
167
319
466
801
995
948
412
343
165
109
143
392
725
576
917
9
182
220
779
179
762
79
326
809
314
952
127
70
76
308
166
450
784
244
879
776
347
629
735
887
262
791
548
920
189
572
35
208
693
716
220
811
307
31
669
856
96
203
325
711
542
946
17
298
252
405
950
119
962
659
756
961
406
931
597
751
177
440
535
983
352
536
562
129
868
61
185
188
202
159
929
648
929
447
151
254
518
368
268
263
116
335
454
841
162
356
771
96
827
498
12
905
44
700
176
311
219
432
131
8
929
927
195
541
668
209
872
145
352
316
217
2
767
797
222
144
218
415
392
86
103
322
675
506
375
310
237
653
131
409
660
179
29
129
308
787
970
66
1000
149
18
634
631
356
797
841
165
310
30
664
556
310
487
716
585
883
936
623
92
26
628
510
847
630
526
900
12
284
533
864
857
804
257
987
609
273
6
540
859
661
811
372
513
502
817
447
508
863
872
395
40
733
82
398
654
567
996
134
387
95
932
788
315
231
760
938
752
946
717
974
951
23
87
371
447
230
59
208
81
831
310
60
724
498
481
871
782
936
766
940
72
958
455
287
540
983
613
200
386
998
289
62
101
655
907
475
356
983
749
911
708
810
836
910
876
253
82
523
855
979
453
694
199
845
686
739
468
338
795
106
818
95
602
32
639
778
232
440
710
241
62
672
957
42
146
847
224
618
308
780
328
45
641
391
222
171
218
434
640
132
840
859
812
887
920
212
417
946
127
522
460
799
893
469
617
190
276
299
513
263
848
506
933
568
939
132
169
724
396
100
190
903
381
557
772
223
258
749
86
74
771
969
735
470
254
880
792
436
548
955
844
611
958
275
369
938
648
485
446
634
207
775
497
905
151
830
67
403
254
731
593
619
337
819
572
83
245
894
437
336
147
744
568
640
495
957
196
466
254
188
855
263
983
357
480
603
193
685
952
79
94
834
931
227
44
752
795
629
912
38
467
983
820
137
23
124
542
415
346
288
804
689
49
408
320
669
634
431
530
586
291
33
599
354
75
360
34
665
962
133
592
270
682
816
994
210
715
73
602
678
731
809
786
322
888
929
945
984
332
317
88
292
384
992
766
551
574
296
302
709
161
100
58
764
175
692
180
510
331
9
136
429
177
723
451
243
923
185
410
626
529
607
432
662
848
523
513
699
186
760
593
714
111
724
880
338
145
105
140
824
857
315
990
40
511
542
504
127
922
810
207
521
604
459
335
616
785
865
999
321
233
163
887
211
304
296
319
863
40
197
615
606
701
677
823
460
240
625
572
622
402
881
386
232
88
863
707
240
766
420
284
421
59
813
457
514
932
144
943
805
32
237
222
931
907
533
384
806
974
411
184
635
792
78
985
960
245
778
278
867
423
776
346
608
972
645
712
382
157
934
796
573
9
451
462
648
336
921
100
586
823
165
928
391
149
839
902
900
868
985
993
145
388
905
687
743
847
970
678
772
552
304
270
146
316
929
406
339
552
5
166
412
214
878
891
565
39
638
381
480
198
72
856
172
627
142
419
905
10
111
204
132
599
70
983
469
904
836
523
615
527
769
70
241
533
550
151
872
552
925
969
77
214
630
461
187
536
929
284
684
949
512
712
153
143
609
631
128
849
223
195
228
957
701
219
497
334
323
81
513
837
322
900
56
295
644
218
813
69
425
581
140
883
148
891
766
613
578
737
257
970
319
11
81
76
955
921
948
484
672
810
271
742
925
115
676
687
382
542
813
121
494
706
59
243
668
146
120
451
805
571
527
472
215
668
567
296
797
960
127
185
314
92
371
203
463
342
320
848
467
924
587
618
396
775
426
399
895
588
217
546
643
640
621
357
71
125
949
622
815
314
563
929
533
819
292
43
756
109
730
369
86
593
873
395
672
340
970
975
980
270
569
265
837
337
657
259
77
887
808
170
419
620
402
461
608
392
324
219
970
722
15
143
800
517
525
308
28
971
205
789
446
531
647
863
381
751
37
689
741
759
413
132
698
728
339
613
678
986
766
538
839
347
40
70
232
510
691
774
617
282
165
592
253
905
222
20
574
597
856
985
321
860
818
707
811
678
865
88
556
54
443
196
957
868
97
713
851
157
586
201
696
176
219
273
334
806
14
729
808
360
653
390
141
964
665
892
635
641
667
383
630
506
275
930
869
118
587
972
225
155
260
543
643
447
301
717
420
31
870
141
465
774
365
201
160
955
479
411
240
582
861
464
268
912
226
833
798
695
984
668
196
184
938
26
846
786
948
368
981
65
365
6
77
357
368
383
8
911
223
824
680
959
318
807
169
69
772
604
756
672
656
278
2
781
884
818
479
754
366
441
152
310
78
934
201
153
31
221
372
476
547
371
741
381
256
311
983
226
9
903
488
661
769
221
160
444
915
729
805
580
635
684
980
915
54
293
38
600
381
961
603
711
378
540
126
925
114
348
537
993
934
190
645
972
282
110
367
919
763
205
878
427
801
793
220
878
508
442
845
372
701
724
854
2
305
560
891
474
536
591
868
643
998
640
689
703
398
144
740
451
332
457
333
837
875
15
810
409
361
38
956
475
206
280
846
56
253
51
406
256
830
892
82
605
821
98
687
312
599
433
977
264
127
820
555
535
663
96
617
766
14
132
879
445
934
399
764
757
958
220
923
695
258
74
508
156
622
526
873
934
825
150
202
356
407
486
285
119
936
40
4
812
866
935
698
119
596
36
287
600
198
729
409
967
366
395
535
895
523
631
920
9
597
747
684
788
170
193
849
350
262
436
114
391
846
509
804
374
337
760
124
667
265
36
332
381
887
328
527
493
59
816
684
252
571
658
674
987
729
148
811
631
241
825
363
894
52
803
745
366
62
116
969
395
234
798
450
532
282
463
150
9
822
644
427
384
257
867
690
957
539
871
14
872
115
888
814
207
835
173
736
609
568
182
189
817
371
227
815
726
210
929
265
642
379
393
594
207
742
923
953
115
692
361
630
42
927
883
609
741
51
740
11
953
809
246
512
36
89
785
565
95
832
214
306
326
220
73
253
623
832
146
412
948
743
210
469
656
215
690
179
79
886
101
346
469
338
183
330
867
991
591
968
71
144
916
301
764
799
644
812
245
655
55
415
555
532
194
164
516
240
306
220
44
511
930
385
105
146
970
196
611
118
102
150
842
464
34
482
10
232
797
357
446
625
820
915
652
473
90
117
854
902
397
675
578
295
592
427
53
279
70
634
570
274
855
110
985
993
858
800
101
998
859
289
67
237
123
204
893
99
850
353
327
991
712
129
631
886
653
385
108
652
516
582
626
50
545
695
40
386
708
519
651
486
502
862
635
765
231
552
150
605
435
964
595
929
443
670
720
619
264
703
140
730
983
442
271
654
346
45
851
95
638
328
838
116
421
311
485
786
168
595
19
814
661
301
784
170
474
530
249
475
144
592
721
256
526
7
647
269
744
125
232
867
860
5
80
456
856
182
109
870
951
662
890
172
805
739
997
676
84
516
322
380
516
298
148
630
317
192
96
931
462
75
362
513
232
363
774
649
506
164
481
496
990
984
967
259
259
790
286
213
201
907
918
332
439
71
554
789
812
659
156
222
903
737
874
613
517
60
314
501
491
515
84
565
311
691
68
257
515
869
269
896
181
290
843
11
340
637
956
506
425
695
106
469
868
360
585
509
21
53
103
249
616
8
614
532
696
504
14
124
742
283
363
76
307
158
742
681
869
273
934
856
325
41
928
829
6
77
598
470
759
158
245
311
981
772
83
212
463
371
138
906
924
210
737
58
218
946
494
309
698
417
360
828
106
171
702
294
882
662
884
774
538
567
219
13
545
390
166
857
799
969
45
719
902
895
940
342
240
584
974
333
985
564
627
100
295
438
747
70
388
208
826
219
543
787
468
358
247
63
364
425
875
254
862
850
613
833
588
90
1000
962
407
649
155
81
669
955
850
939
353
577
49
602
420
600
311
786
780
743
422
473
536
102
748
817
529
871
846
112
996
679
844
992
208
680
281
91
737
830
156
180
532
943
181
881
696
933
15
356
545
21
802
475
930
291
520
839
128
292
272
108
872
640
722
182
890
583
996
902
154
605
368
317
510
304
80
105
7
156
53
645
748
358
880
921
922
995
236
44
755
647
171
723
600
574
830
777
281
327
516
972
232
288
221
628
382
23
348
457
803
711
406
722
505
409
397
251
534
952
322
481
618
815
238
687
547
559
956
865
106
737
401
283
938
783
430
286
24
114
964
127
446
192
761
474
409
11
484
473
619
658
34
217
371
912
381
749
877
183
410
68
445
657
389
176
426
185
137
421
872
313
651
266
699
519
457
841
726
382
758
648
32
956
606
941
669
516
696
56
855
430
323
499
532
197
744
387
19
81
698
665
444
289
39
438
89
414
677
144
429
810
721
464
604
317
463
853
145
379
600
318
340
72
237
503
371
368
474
861
573
700
677
369
666
831
960
544
84
443
586
571
822
201
851
308
76
411
843
972
582
407
772
546
694
485
628
196
587
962
649
353
783
902
229
554
319
678
206
43
322
646
341
443
235
497
481
217
261
653
687
197
525
444
484
518
184
958
493
553
100
222
990
434
789
949
135
800
918
911
167
185
670
159
161
544
562
843
813
751
722
421
701
137
993
656
638
418
940
20
444
890
823
837
806
322
74
288
91
694
832
891
378
57
282
904
643
3
381
331
521
487
644
691
611
601
350
210
529
623
992
632
211
29
599
850
499
983
280
962
291
265
461
810
465
844
738
991
711
54
266
332
153
469
473
481
238
587
650
758
845
117
976
94
997
836
812
355
571
342
672
250
222
396
208
333
361
517
152
468
422
796
313
419
470
514
835
484
378
653
821
785
261
170
574
546
59
586
507
928
765
528
158
752
961
19
366
803
317
907
312
456
239
658
428
899
472
82
917
850
116
781
417
587
650
405
43
735
689
796
625
684
476
92
914
747
958
467
117
752
40
1
18
727
624
229
57
637
679
909
347
568
539
335
146
883
357
828
332
790
662
694
935
356
3
63
959
933
707
394
397
164
226
267
457
279
683
584
395
57
887
349
781
296
388
947
808
691
766
778
771
84
215
881
215
447
500
918
529
11
490
893
817
693
569
682
100
637
361
50
114
349
472
102
298
191
725
778
924
413
706
35
476
868
795
313
198
555
397
372
269
787
468
115
513
165
831
671
525
461
325
954
670
489
447
713
42
747
973
470
772
731
277
163
829
19
508
876
797
174
577
395
535
310
31
774
590
335
770
534
395
719
338
659
260
824
66
148
321
690
874
782
994
738
304
692
771
124
364
746
609
318
417
870
176
960
789
195
76
113
710
44
18
811
697
957
345
496
625
359
557
240
593
725
192
210
772
165
636
527
373
57
840
938
370
241
195
363
450
616
20
994
567
942
419
141
482
31
600
292
524
479
882
86
270
470
936
582
350
34
540
243
399
834
70
396
763
604
575
763
186
67
41
435
838
483
681
427
56
456
293
967
310
755
905
848
642
919
360
949
669
549
161
839
224
976
741
867
830
569
354
724
958
265
572
561
24
309
470
29
409
70
663
538
903
656
727
273
616
359
187
752
946
804
770
586
525
324
69
158
855
14
896
466
559
669
935
76
293
266
314
435
347
478
129
678
201
86
620
575
388
72
371
768
330
613
91
835
452
6
73
731
97
832
192
680
697
683
122
779
593
136
963
672
428
986
637
498
791
288
668
771
8
941
419
478
516
752
997
69
517
138
573
838
102
506
176
409
389
672
254
443
707
32
783
501
179
708
604
92
907
380
859
40
235
103
934
409
760
792
670
225
26
297
207
966
296
572
180
561
565
655
915
685
885
704
614
798
389
735
169
885
459
270
960
596
760
218
851
453
732
175
732
578
428
158
78
22
16
762
739
247
396
98
312
986
847
985
768
69
571
453
855
234
429
320
874
177
663
790
617
97
186
842
8
583
411
285
74
676
787
658
908
255
937
149
215
581
925
584
394
311
49
383
196
315
412
543
538
480
455
289
188
272
162
100
355
737
486
60
458
615
222
987
712
513
222
667
656
859
717
904
78
351
254
108
954
98
827
651
398
743
358
997
751
692
806
620
483
504
488
675
824
529
503
107
814
920
447
703
177
247
990
700
561
292
401
22
281
38
604
832
94
472
951
316
454
856
811
391
251
93
281
965
594
264
851
2
45
390
245
878
6
885
334
127
282
139
470
755
958
926
725
250
233
670
996
918
298
458
58
511
133
779
373
557
693
944
70
496
940
872
709
617
461
24
905
990
830
307
397
626
57
755
644
730
791
387
777
588
93
589
17
511
603
225
380
419
289
519
44
338
344
37
353
543
532
833
22
626
726
259
912
201
543
803
569
384
859
788
694
220
323
225
640
32
185
290
631
729
939
942
871
361
548
112
690
779
916
557
257
25
223
437
443
71
699
546
336
783
138
396
735
903
483
926
230
29
229
380
61
646
776
960
484
598
777
566
871
50
31
638
483
619
476
31
147
868
606
840
531
718
195
16
343
924
693
687
399
501
751
942
812
154
224
964
964
661
878
876
280
132
967
321
862
985
646
225
912
564
462
420
160
509
366
957
33
503
851
416
747
738
553
9
785
10
762
235
100
328
234
353
109
134
31
754
110
53
883
889
636
93
527
691
713
737
576
28
835
507
797
290
560
31
991
403
395
733
431
195
197
113
919
872
731
191
393
408
785
513
74
152
309
225
172
447
24
388
670
2
775
852
979
822
54
805
881
410
224
649
320
736
970
123
259
724
221
977
221
815
82
272
524
633
62
394
728
714
702
658
425
131
390
51
833
298
934
529
939
238
851
234
525
13
922
616
690
761
403
497
550
161
181
433
790
303
552
709
710
382
243
63
715
937
289
6
104
813
517
815
156
248
770
608
298
458
119
574
305
236
47
143
638
536
722
102
228
766
323
315
856
76
94
600
817
839
445
728
287
560
272
410
93
767
162
252
535
729
360
802
498
543
747
360
960
487
84
903
100
508
11
531
115
425
370
16
225
290
547
260
850
395
832
555
804
597
70
929
986
518
901
453
605
657
309
185
352
128
135
49
214
198
809
2
35
763
611
563
266
847
805
680
24
517
322
426
580
774
558
777
879
489
720
185
286
207
633
858
56
952
67
244
285
30
333
676
361
146
805
73
36
574
309
629
335
854
229
427
618
991
12
446
837
807
807
582
346
738
126
189
708
651
778
247
443
628
252
197
479
430
6
480
701
736
354
98
825
88
120
777
660
462
100
37
206
136
728
88
70
549
264
927
181
853
403
110
361
435
456
234
851
944
988
475
879
253
272
717
973
946
482
822
298
769
130
817
265
3
103
82
237
112
656
978
199
258
413
670
57
204
177
425
51
647
257
273
557
454
770
381
364
374
573
301
601
640
328
958
474
996
344
324
339
217
204
55
987
335
656
282
109
448
603
593
928
245
302
688
901
801
315
968
234
875
94
706
504
985
223
574
621
763
782
384
997
129
880
41
706
733
933
567
752
802
528
867
129
244
334
902
369
267
965
810
676
485
919
331
280
981
621
118
536
50
212
419
477
922
976
422
68
260
212
655
766
771
576
15
211
285
396
7
393
120
360
20
694
8
467
900
677
157
132
70
338
723
652
481
661
372
920
151
55
358
87
891
864
292
379
173
541
621
307
61
847
563
344
512
443
950
192
532
613
227
77
610
650
380
314
858
267
612
695
985
617
965
28
365
584
54
993
757
942
560
259
407
351
784
35
23
191
16
348
773
105
941
747
753
952
8
535
842
793
895
852
286
865
317
864
850
83
637
956
104
85
591
919
458
494
805
21
689
143
447
967
761
248
832
522
754
942
732
36
980
936
322
219
930
327
302
498
304
46
46
962
221
977
140
908
770
302
383
145
35
502
244
697
965
449
971
913
928
102
664
671
698
821
721
739
174
560
541
942
736
61
245
805
761
116
296
554
932
719
443
879
899
218
108
520
29
711
319
858
269
301
900
634
824
992
202
276
577
433
887
554
503
58
699
689
191
337
238
933
700
432
474
487
286
708
209
528
512
154
31
679
664
626
293
508
753
998
915
915
401
46
776
214
364
879
977
803
140
846
564
729
452
314
973
831
538
787
391
485
576
323
735
128
312
785
851
646
983
304
247
117
127
988
422
540
545
201
349
632
971
994
392
601
999
990
33
463
316
781
778
110
231
190
229
97
410
734
86
231
526
521
446
72
375
491
498
357
127
293
69
697
563
937
755
887
802
860
370
9
869
444
105
904
101
859
75
534
86
994
126
369
64
13
999
156
530
853
76
806
559
513
180
518
493
383
968
919
639
703
600
927
810
273
34
946
100
415
13
915
506
81
153
521
524
651
837
529
569
919
141
213
843
852
442
259
415
9
125
561
6
575
669
26
233
585
639
61
28
500
902
759
995
367
931
293
261
396
47
28
878
184
820
748
746
595
201
802
399
709
238
672
776
821
563
348
229
285
188
79
394
68
897
130
33
337
383
808
448
961
412
364
94
718
450
202
903
68
872
758
653
554
286
750
321
192
97
94
931
353
116
791
874
212
704
568
44
100
597
249
161
418
677
293
31
914
142
490
557
500
464
439
713
68
448
64
944
715
183
188
438
671
761
162
686
121
595
648
16
159
757
656
165
235
616
580
964
147
608
733
895
159
101
933
540
369
53
335
421
648
824
413
394
839
421
315
197
41
612
444
442
994
854
766
973
608
721
706
118
402
234
766
952
691
215
525
627
710
358
216
841
472
353
333
609
242
365
792
213
443
894
548
728
625
828
978
141
562
427
607
231
345
422
820
564
307
804
29
981
16
30
878
136
580
513
288
776
513
722
555
72
69
542
785
186
397
250
469
61
159
602
384
481
872
798
807
165
476
39
969
328
854
647
929
986
149
271
218
621
317
489
401
215
595
855
171
762
244
230
112
592
487
937
764
914
259
26
172
164
59
546
977
70
430
971
499
738
160
193
642
249
73
908
225
226
906
820
875
896
262
901
42
97
689
881
27
836
224
82
605
220
266
440
96
982
664
534
844
661
553
38
874
514
914
456
220
530
80
60
518
388
384
801
666
414
112
373
786
223
814
126
450
459
471
641
978
523
892
464
766
3
26
382
992
359
192
810
205
721
52
164
965
728
869
533
892
162
968
445
307
373
908
179
678
366
117
343
613
773
629
179
528
139
501
204
490
897
497
719
930
396
702
269
76
706
180
802
698
365
283
351
959
264
608
784
489
362
88
762
933
106
281
507
633
592
969
770
908
29
488
795
679
594
134
719
150
819
135
463
385
22
22
620
579
718
170
907
235
820
522
595
227
59
988
946
830
682
27
766
24
409
16
591
219
728
697
373
987
76
195
917
432
741
481
669
847
680
941
769
167
484
672
772
864
925
690
87
528
311
938
901
515
440
147
359
980
483
221
519
876
428
841
438
418
810
192
991
847
836
91
466
671
691
969
279
54
134
909
567
190
339
571
1
977
161
603
573
700
553
584
951
967
250
735
972
787
501
666
848
310
16
122
943
637
581
484
777
103
180
756
545
824
133
592
82
999
122
284
917
241
994
551
224
59
822
276
377
585
105
222
546
514
605
979
677
992
467
1
842
763
388
908
548
384
231
408
142
516
715
641
740
341
739
580
194
254
91
788
386
858
770
799
266
198
324
497
917
464
226
97
104
857
561
591
605
782
370
70
229
589
397
895
771
605
520
280
454
576
132
817
901
186
88
114
35
753
475
453
772
599
416
804
980
940
253
947
410
484
225
355
282
695
41
646
551
20
255
742
312
190
857
583
851
192
850
244
470
640
343
247
525
101
370
635
344
723
308
518
979
838
617
53
895
304
930
824
287
923
415
554
298
676
332
356
473
29
795
40
110
595
69
604
299
395
995
946
684
434
701
360
157
148
579
206
428
977
786
384
451
58
383
779
969
376
777
807
709
980
939
454
911
210
36
53
527
177
258
602
154
6
723
94
357
737
937
983
416
869
93
807
960
982
301
764
457
417
193
596
44
184
88
472
240
758
103
482
78
255
816
212
418
375
868
300
216
420
310
45
969
395
77
2
294
628
490
800
849
813
464
111
429
136
111
608
624
499
580
450
237
909
169
437
154
824
650
30
614
693
942
716
144
665
601
294
182
619
803
273
595
93
820
995
107
539
618
319
207
397
55
951
460
825
397
611
375
917
60
389
234
429
64
272
286
281
716
244
951
952
116
30
455
515
983
575
186
532
44
810
56
132
321
352
429
175
861
652
859
568
464
234
416
564
114
231
429
795
310
32
296
830
41
154
284
163
519
268
301
9
513
46
612
629
851
117
337
950
114
782
793
697
995
874
75
248
673
792
384
908
51
853
860
839
595
570
684
632
701
551
244
644
340
935
400
510
37
743
288
290
322
976
947
419
678
428
986
605
238
384
271
133
275
878
916
812
944
815
389
388
913
475
925
46
622
824
939
301
397
370
312
87
583
34
699
772
319
152
249
691
504
43
754
446
177
350
684
652
766
170
692
949
538
744
15
908
61
44
213
319
86
544
556
981
257
757
246
159
196
17
481
976
604
483
820
118
575
895
123
410
718
989
176
123
675
826
50
634
411
727
343
164
569
304
946
743
467
808
274
95
453
992
572
984
920
818
710
678
401
525
233
852
42
686
396
383
208
972
332
799
89
140
976
273
691
688
994
13
900
744
779
856
874
221
720
558
284
521
646
592
549
351
686
648
661
673
260
545
994
568
203
880
457
625
847
999
847
351
469
559
841
405
866
630
577
820
745
989
399
70
663
742
753
649
851
15
487
442
477
669
933
38
549
842
909
239
201
938
933
712
567
927
293
808
998
590
745
287
730
127
530
883
680
315
298
631
90
110
735
393
710
876
433
738
196
53
943
140
581
754
868
122
691
649
532
265
999
959
542
549
969
973
30
552
794
259
655
562
371
721
629
984
408
891
221
761
839
243
312
160
881
106
891
593
89
921
433
949
611
464
472
332
418
104
921
17
438
42
504
667
249
251
346
233
271
19
717
776
411
680
26
464
962
433
30
699
138
52
946
427
976
444
481
53
749
830
153
648
13
471
107
434
802
793
642
714
474
942
303
831
699
836
863
317
934
428
377
168
333
152
356
111
146
272
948
843
865
566
294
525
349
268
131
829
597
589
940
772
455
299
414
408
369
720
856
286
659
119
53
734
392
364
564
542
39
364
470
332
21
608
316
220
974
12
61
418
698
227
235
298
418
389
689
904
390
280
393
186
792
984
794
929
352
353
149
207
471
618
249
309
317
658
527
736
203
357
66
533
851
538
18
297
49
459
989
785
476
436
822
638
71
907
46
19
834
817
539
801
983
146
923
247
460
282
396
317
559
870
85
347
755
698
545
83
711
630
268
554
783
840
781
216
733
583
238
901
670
779
848
583
68
146
126
228
597
191
883
944
479
945
252
303
328
780
213
893
165
997
713
528
215
952
391
29
263
186
149
560
398
146
405
781
337
906
919
259
145
840
12
23
444
269
745
35
736
344
291
730
724
394
421
378
38
902
492
308
226
744
822
333
12
675
625
694
150
690
260
491
384
82
139
44
926
45
328
145
16
431
253
436
916
420
535
861
566
340
394
87
706
227
176
564
667
722
60
131
197
135
655
64
261
204
720
535
831
77
831
740
476
532
318
288
97
806
938
899
130
646
755
550
517
45
505
222
77
957
508
336
76
225
485
940
216
16
993
124
729
378
736
858
389
7
722
513
971
327
924
504
603
902
424
924
623
994
352
598
181
763
788
12
442
152
945
648
693
519
858
988
21
797
365
621
845
599
139
468
348
79
280
641
662
835
670
430
666
200
579
333
142
104
856
212
749
179
478
344
707
862
454
405
724
849
786
984
862
936
607
877
6
849
980
877
375
634
242
496
984
408
982
55
773
609
645
246
101
432
174
864
708
119
699
293
919
177
391
108
366
777
28
772
261
170
496
516
236
967
673
812
625
485
70
910
200
234
502
517
666
371
436
915
107
540
704
234
99
595
359
325
838
29
811
283
537
523
939
94
294
148
940
955
655
429
244
530
82
113
696
718
427
518
393
878
551
588
914
200
895
732
528
161
746
234
511
634
209
595
164
498
175
828
484
944
21
185
220
406
715
88
967
273
643
627
332
453
53
357
675
894
835
599
177
567
928
794
188
917
493
878
610
41
527
703
43
807
84
241
741
840
160
554
628
274
450
420
298
563
493
61
679
55
364
364
478
810
224
412
693
133
686
404
822
828
9
286
543
428
713
6
484
680
330
723
315
82
608
125
529
937
551
138
30
21
136
509
27
613
8
516
99
462
873
14
84
31
83
359
149
613
182
621
966
753
713
306
23
85
597
244
157
254
543
697
714
698
583
509
497
518
264
160
725
520
552
491
88
806
401
609
807
673
673
967
742
261
811
582
175
91
31
466
366
375
838
918
825
216
142
538
241
180
977
918
296
441
931
405
12
423
208
923
920
521
501
871
437
97
574
596
510
356
642
176
641
340
315
242
151
152
321
442
308
667
300
999
525
242
100
204
31
368
438
221
89
636
765
984
420
763
332
503
122
914
571
520
807
987
66
96
305
26
136
152
357
135
89
77
662
620
82
189
800
348
684
955
753
66
489
220
741
147
687
340
933
226
764
610
726
196
115
526
735
999
432
784
17
4
22
403
36
479
597
794
936
795
367
158
499
420
591
453
425
529
73
483
683
451
964
800
307
433
833
489
885
100
179
564
340
739
140
569
300
24
669
875
526
12
511
400
932
471
817
667
405
562
397
6
10
525
480
995
580
260
226
3
329
853
743
820
498
361
551
977
466
150
866
512
756
626
110
597
771
292
525
435
493
518
957
403
111
232
486
573
804
600
348
297
468
182
543
330
960
90
109
431
316
75
209
519
699
732
425
450
807
718
181
133
987
824
689
939
567
742
681
167
784
424
705
201
850
750
435
355
747
605
461
554
322
632
762
438
409
898
431
466
934
418
523
690
944
432
439
58
238
444
568
258
873
972
57
780
563
645
482
931
54
86
773
230
834
988
687
258
908
135
680
826
848
587
813
65
697
468
297
219
339
814
851
24
453
931
294
871
511
520
178
857
13
938
582
948
884
816
723
219
730
606
982
123
698
48
261
760
632
587
897
416
534
640
421
299
904
312
707
846
663
476
800
288
735
200
162
808
786
437
268
115
829
211
311
88
418
77
664
984
223
89
967
911
389
95
798
209
285
127
672
541
169
424
222
215
527
822
883
81
905
222
570
11
537
305
549
290
732
755
522
96
690
914
958
809
911
222
884
369
488
64
652
131
634
981
297
272
765
161
409
335
979
562
539
797
888
575
838
506
217
344
855
477
408
574
889
765
930
27
479
469
529
537
919
732
960
676
93
471
384
253
114
945
296
262
131
274
616
454
141
124
966
942
540
316
409
186
814
353
610
548
939
342
544
586
796
901
389
216
987
730
345
939
517
141
522
315
812
679
419
259
834
727
686
690
256
702
788
791
127
319
974
423
475
612
348
360
438
476
59
37
34
905
62
111
672
547
460
130
286
91
547
308
556
897
689
858
611
485
551
290
216
16
310
7
879
209
711
46
505
783
216
382
651
396
425
719
482
172
719
556
904
274
475
670
602
219
997
414
77
724
21
130
763
924
1
437
153
447
673
555
320
970
369
716
693
451
47
98
738
282
54
142
94
909
443
615
586
380
682
537
183
708
333
78
574
113
719
474
386
363
651
160
478
252
690
116
118
287
705
688
825
826
263
4
423
115
174
142
592
483
512
452
492
670
743
740
772
826
972
998
949
56
383
811
475
123
380
334
311
380
340
733
394
90
623
784
896
805
749
569
614
157
433
814
438
411
66
321
932
64
852
511
783
46
800
263
200
831
753
297
455
777
490
237
248
603
696
18
240
908
123
354
447
87
319
84
292
542
5
861
816
851
968
926
293
910
232
481
402
387
924
424
327
221
177
149
971
7
677
466
170
155
920
100
483
294
431
672
951
346
582
399
167
488
269
426
703
870
411
76
284
733
785
324
6
715
105
153
710
421
784
586
796
475
413
260
243
783
774
216
224
537
169
536
691
453
734
244
678
724
748
962
275
142
962
956
477
828
577
895
654
895
205
343
4
763
953
937
298
323
667
185
428
478
567
153
718
952
729
280
911
86
57
395
383
969
606
280
440
943
496
834
775
291
892
295
389
772
792
62
293
567
352
321
601
714
657
929
951
344
871
886
446
86
798
481
252
438
505
449
701
155
636
391
246
176
994
899
982
22
962
34
394
636
62
495
769
595
862
271
462
481
567
519
401
835
883
628
871
441
289
200
267
357
153
250
897
348
807
275
962
740
852
257
90
511
844
179
479
915
361
992
179
478
836
389
428
579
772
461
114
375
249
688
873
767
786
316
540
503
576
98
113
240
375
238
31
841
88
493
551
203
853
56
271
446
765
656
581
255
349
893
428
305
8
304
252
528
273
272
914
929
234
11
373
11
389
96
752
759
649
379
78
234
144
894
193
327
727
171
764
772
583
628
417
214
306
776
557
178
74
251
83
857
137
961
506
398
198
818
859
402
759
894
543
306
190
74
998
342
145
370
393
639
880
140
253
820
398
419
557
504
856
469
825
162
655
896
296
975
234
373
962
717
570
470
164
725
327
569
943
812
413
249
271
129
455
359
144
686
451
328
446
682
571
450
969
938
88
923
674
427
816
942
996
115
488
834
216
774
235
699
263
516
250
461
327
405
639
876
329
212
950
969
387
945
129
367
983
200
62
465
359
455
878
398
640
371
537
261
101
279
617
230
941
98
872
446
972
315
710
198
959
621
271
403
306
253
529
997
371
778
941
748
484
5
896
855
161
283
416
360
541
90
791
200
917
645
683
821
889
796
370
941
760
464
87
635
649
211
82
506
598
275
30
775
516
730
211
637
519
201
448
807
772
418
238
825
244
526
232
674
466
528
840
332
189
582
336
288
690
53
179
969
388
964
246
584
366
791
819
250
9
422
315
24
51
902
726
357
229
598
267
978
515
435
768
286
347
317
728
368
320
384
933
893
11
475
574
462
205
626
20
205
330
556
724
439
590
445
107
89
710
217
635
949
812
9
36
111
87
256
907
335
785
900
233
663
481
894
606
894
896
739
470
307
244
260
608
379
270
25
693
328
824
490
704
276
541
269
274
552
552
283
951
380
723
291
515
844
381
17
392
943
768
924
314
692
597
190
48
707
80
38
545
140
51
444
664
835
164
476
430
120
389
765
191
192
124
458
984
955
635
942
100
575
457
879
729
192
433
50
751
185
757
775
286
819
645
760
467
368
582
47
683
757
321
441
344
297
939
501
619
67
689
262
722
527
984
236
711
649
708
358
371
914
286
234
867
141
943
390
677
220
814
909
199
669
924
182
679
455
77
642
422
767
412
807
967
243
909
977
434
174
666
683
881
707
744
740
305
653
846
777
305
667
433
593
735
86
593
217
977
442
532
665
578
482
979
644
660
463
742
855
864
648
375
894
473
557
431
444
32
470
334
26
211
406
779
340
175
407
832
39
46
956
705
830
112
759
434
81
826
872
529
108
770
1
646
377
914
966
255
923
507
326
520
613
188
167
561
791
32
121
816
557
714
5
723
946
848
433
556
617
133
215
131
214
298
221
711
247
769
564
797
522
206
799
239
832
247
279
435
894
456
590
499
352
249
649
626
7
260
780
372
91
814
767
568
924
673
481
367
459
830
876
858
398
409
137
296
118
814
347
134
588
744
119
899
864
288
318
245
8
331
931
170
187
736
34
571
299
583
841
862
669
231
286
679
879
564
186
616
456
675
583
665
37
649
61
667
695
818
418
328
504
89
577
53
182
893
475
362
125
981
566
170
74
915
589
347
567
447
741
510
459
803
75
100
991
185
207
932
780
728
836
644
125
508
553
807
240
790
933
901
250
22
417
262
572
744
678
286
66
820
992
688
894
390
101
412
758
618
648
321
712
539
840
981
699
270
577
83
942
338
556
704
934
390
26
195
910
375
324
814
625
159
659
296
526
105
998
293
658
312
858
467
679
61
130
331
735
365
519
670
598
270
241
74
658
785
527
106
153
948
353
286
903
173
961
364
696
776
227
589
907
133
895
4
342
281
926
981
195
391
794
214
50
480
416
38
250
856
769
484
82
442
799
998
902
365
910
847
279
622
308
352
875
140
734
150
340
281
325
914
900
463
116
372
907
11
81
415
863
526
81
143
403
930
416
275
955
122
679
218
6
195
626
659
540
160
82
572
913
61
777
362
61
82
556
562
737
921
437
488
631
990
959
307
116
816
917
669
271
316
416
813
985
43
957
336
242
668
817
868
162
493
635
11
57
335
348
511
873
171
967
755
781
643
40
898
40
296
937
729
384
748
349
15
557
623
858
465
688
328
448
672
790
711
762
372
583
919
211
725
467
802
717
467
370
309
191
589
646
33
48
153
205
799
571
490
139
433
737
421
63
195
214
86
569
562
136
486
513
463
478
482
285
732
486
613
484
686
788
633
461
684
207
255
125
463
573
741
966
826
569
773
507
58
33
392
995
335
615
330
256
382
811
375
447
58
709
209
123
322
783
959
3
381
816
268
732
301
255
292
48
830
834
665
621
612
683
585
675
760
646
804
742
707
553
541
830
879
48
534
500
495
749
45
297
140
625
846
210
737
835
622
40
998
395
496
715
620
177
655
529
320
626
218
203
832
92
622
626
119
646
818
133
851
599
466
838
763
914
60
856
49
967
478
941
511
333
267
87
877
66
747
486
289
777
297
714
903
671
611
542
874
481
928
648
470
291
893
469
592
170
132
674
128
318
603
822
168
462
621
697
638
483
971
869
690
705
957
224
257
274
473
117
923
735
579
795
192
717
777
775
767
924
690
131
945
684
792
407
785
9
807
890
572
445
253
713
63
603
879
900
179
880
58
310
580
782
341
553
367
493
828
578
670
531
900
111
969
465
212
94
122
762
495
863
368
135
990
694
89
463
504
900
364
529
509
130
40
653
181
676
514
37
261
856
41
457
258
6
584
520
393
634
155
588
2
227
63
339
940
684
534
689
478
757
716
675
151
516
309
618
590
297
85
41
975
465
295
56
87
551
189
356
499
663
598
176
212
934
177
831
358
379
3
651
914
569
567
186
86
540
548
858
109
538
908
107
187
867
23
693
153
826
782
861
339
424
